%YAML:1.0
MarkerSize: 3
MaxCorrectionBits: 0
ByteList: !!opencv-matrix
   rows: 16
   cols: 2
   dt: "4u"
   data: [ 200, 0, 26, 0, 9, 1, 44, 0, 237, 1, 254, 0, 219, 1, 63, 1,
       116, 1, 241, 0, 151, 0, 71, 1, 184, 1, 171, 0, 142, 1, 106, 1,
       132, 0, 66, 0, 16, 1, 33, 0, 189, 0, 207, 0, 94, 1, 121, 1, 38, 1,
       224, 1, 178, 0, 131, 1, 218, 0, 27, 1, 45, 1, 236, 0, 60, 1, 233,
       0, 158, 0, 75, 1, 195, 0, 22, 1, 97, 1, 180, 0, 109, 0, 220, 0,
       91, 0, 29, 1, 166, 0, 194, 1, 50, 1, 161, 1, 69, 0, 84, 0, 81, 0,
       21, 0, 129, 0, 6, 0, 64, 1, 48, 0, 229, 0, 214, 0, 83, 1, 53, 1,
       15, 0, 76, 1, 120, 0, 153, 0 ]
